********************************************************************************* Usage Information *********************************************************************************
CPU Usage: 8.8%

Disk Usage:
Linux 5.4.0-182-generic (ysbeam) 	05/21/2024 	_aarch64_	(2 CPU)

Device            r/s     rkB/s   rrqm/s  %rrqm r_await rareq-sz     w/s     wkB/s   wrqm/s  %wrqm w_await wareq-sz     d/s     dkB/s   drqm/s  %drqm d_await dareq-sz  aqu-sz  %util
loop0            0.00      0.01     0.00   0.00    0.25    14.17    0.00      0.00     0.00   0.00    0.00     0.00    0.00      0.00     0.00   0.00    0.00     0.00    0.00   0.00
loop1            0.01      0.02     0.00   0.00    0.31     1.81    0.00      0.00     0.00   0.00    0.00     0.00    0.00      0.00     0.00   0.00    0.00     0.00    0.00   0.00
loop2            0.00      0.00     0.00   0.00    0.13     6.38    0.00      0.00     0.00   0.00    0.00     0.00    0.00      0.00     0.00   0.00    0.00     0.00    0.00   0.00
loop3            0.00      0.00     0.00   0.00    0.15     7.43    0.00      0.00     0.00   0.00    0.00     0.00    0.00      0.00     0.00   0.00    0.00     0.00    0.00   0.00
loop4            0.11      0.11     0.00   0.00    0.42     1.02    0.00      0.00     0.00   0.00    0.00     0.00    0.00      0.00     0.00   0.00    0.00     0.00    0.00   0.00
loop5            0.00      0.00     0.00   0.00    0.17     8.05    0.00      0.00     0.00   0.00    0.00     0.00    0.00      0.00     0.00   0.00    0.00     0.00    0.00   0.00
loop6            0.00      0.00     0.00   0.00    0.00     1.00    0.00      0.00     0.00   0.00    0.00     0.00    0.00      0.00     0.00   0.00    0.00     0.00    0.00   0.00
vda              0.30      8.38     0.01   3.74    0.21    27.88    0.76     95.05     0.51  40.07    1.44   124.70    0.09    328.84     0.00   0.00    0.07  3722.58    0.00   0.15



Network Usage:
      enp0s1      
 KB/s in  KB/s out
    0.72      0.82

********************************************************************************* Usage Information *********************************************************************************
CPU Usage: 6.1%

Disk Usage:
Linux 5.4.0-182-generic (ysbeam) 	05/21/2024 	_aarch64_	(2 CPU)

Device            r/s     rkB/s   rrqm/s  %rrqm r_await rareq-sz     w/s     wkB/s   wrqm/s  %wrqm w_await wareq-sz     d/s     dkB/s   drqm/s  %drqm d_await dareq-sz  aqu-sz  %util
loop0            0.00      0.01     0.00   0.00    0.25    14.17    0.00      0.00     0.00   0.00    0.00     0.00    0.00      0.00     0.00   0.00    0.00     0.00    0.00   0.00
loop1            0.01      0.02     0.00   0.00    0.31     1.81    0.00      0.00     0.00   0.00    0.00     0.00    0.00      0.00     0.00   0.00    0.00     0.00    0.00   0.00
loop2            0.00      0.00     0.00   0.00    0.13     6.38    0.00      0.00     0.00   0.00    0.00     0.00    0.00      0.00     0.00   0.00    0.00     0.00    0.00   0.00
loop3            0.00      0.00     0.00   0.00    0.15     7.43    0.00      0.00     0.00   0.00    0.00     0.00    0.00      0.00     0.00   0.00    0.00     0.00    0.00   0.00
loop4            0.11      0.11     0.00   0.00    0.42     1.02    0.00      0.00     0.00   0.00    0.00     0.00    0.00      0.00     0.00   0.00    0.00     0.00    0.00   0.00
loop5            0.00      0.00     0.00   0.00    0.17     8.05    0.00      0.00     0.00   0.00    0.00     0.00    0.00      0.00     0.00   0.00    0.00     0.00    0.00   0.00
loop6            0.00      0.00     0.00   0.00    0.00     1.00    0.00      0.00     0.00   0.00    0.00     0.00    0.00      0.00     0.00   0.00    0.00     0.00    0.00   0.00
vda              0.30      8.37     0.01   3.74    0.21    27.88    0.77     96.63     0.51  39.93    1.43   125.76    0.09    328.67     0.00   0.00    0.07  3722.58    0.00   0.15



Network Usage:
      enp0s1      
 KB/s in  KB/s out
    1.07      1.13

********************************************************************************* Usage Information *********************************************************************************
CPU Usage: 6.4%

Disk Usage:
Linux 5.4.0-182-generic (ysbeam) 	05/21/2024 	_aarch64_	(2 CPU)

Device            r/s     rkB/s   rrqm/s  %rrqm r_await rareq-sz     w/s     wkB/s   wrqm/s  %wrqm w_await wareq-sz     d/s     dkB/s   drqm/s  %drqm d_await dareq-sz  aqu-sz  %util
loop0            0.00      0.01     0.00   0.00    0.25    14.17    0.00      0.00     0.00   0.00    0.00     0.00    0.00      0.00     0.00   0.00    0.00     0.00    0.00   0.00
loop1            0.01      0.02     0.00   0.00    0.31     1.81    0.00      0.00     0.00   0.00    0.00     0.00    0.00      0.00     0.00   0.00    0.00     0.00    0.00   0.00
loop2            0.00      0.00     0.00   0.00    0.13     6.38    0.00      0.00     0.00   0.00    0.00     0.00    0.00      0.00     0.00   0.00    0.00     0.00    0.00   0.00
loop3            0.00      0.00     0.00   0.00    0.15     7.43    0.00      0.00     0.00   0.00    0.00     0.00    0.00      0.00     0.00   0.00    0.00     0.00    0.00   0.00
loop4            0.11      0.11     0.00   0.00    0.42     1.02    0.00      0.00     0.00   0.00    0.00     0.00    0.00      0.00     0.00   0.00    0.00     0.00    0.00   0.00
loop5            0.00      0.00     0.00   0.00    0.17     8.05    0.00      0.00     0.00   0.00    0.00     0.00    0.00      0.00     0.00   0.00    0.00     0.00    0.00   0.00
loop6            0.00      0.00     0.00   0.00    0.00     1.00    0.00      0.00     0.00   0.00    0.00     0.00    0.00      0.00     0.00   0.00    0.00     0.00    0.00   0.00
vda              0.30      8.29     0.01   3.74    0.21    27.88    0.77     96.40     0.51  39.84    1.43   125.49    0.09    325.29     0.00   0.00    0.07  3722.58    0.00   0.15



Network Usage:
      enp0s1      
 KB/s in  KB/s out
    7.72     11.21

