********************************************************************************* Usage Information *********************************************************************************
CPU Usage: 8.8%

Disk Usage:
Linux 5.4.0-182-generic (ysbeam) 	05/21/2024 	_aarch64_	(2 CPU)

Device            r/s     rkB/s   rrqm/s  %rrqm r_await rareq-sz     w/s     wkB/s   wrqm/s  %wrqm w_await wareq-sz     d/s     dkB/s   drqm/s  %drqm d_await dareq-sz  aqu-sz  %util
loop0            0.00      0.01     0.00   0.00    0.25    14.17    0.00      0.00     0.00   0.00    0.00     0.00    0.00      0.00     0.00   0.00    0.00     0.00    0.00   0.00
loop1            0.01      0.02     0.00   0.00    0.31     1.81    0.00      0.00     0.00   0.00    0.00     0.00    0.00      0.00     0.00   0.00    0.00     0.00    0.00   0.00
loop2            0.00      0.00     0.00   0.00    0.13     6.38    0.00      0.00     0.00   0.00    0.00     0.00    0.00      0.00     0.00   0.00    0.00     0.00    0.00   0.00
loop3            0.00      0.00     0.00   0.00    0.15     7.43    0.00      0.00     0.00   0.00    0.00     0.00    0.00      0.00     0.00   0.00    0.00     0.00    0.00   0.00
loop4            0.11      0.11     0.00   0.00    0.42     1.02    0.00      0.00     0.00   0.00    0.00     0.00    0.00      0.00     0.00   0.00    0.00     0.00    0.00   0.00
loop5            0.00      0.00     0.00   0.00    0.17     8.05    0.00      0.00     0.00   0.00    0.00     0.00    0.00      0.00     0.00   0.00    0.00     0.00    0.00   0.00
loop6            0.00      0.00     0.00   0.00    0.00     1.00    0.00      0.00     0.00   0.00    0.00     0.00    0.00      0.00     0.00   0.00    0.00     0.00    0.00   0.00
vda              0.30      8.38     0.01   3.74    0.21    27.88    0.76     95.05     0.51  40.07    1.44   124.70    0.09    328.84     0.00   0.00    0.07  3722.58    0.00   0.15



Network Usage:
      enp0s1      
 KB/s in  KB/s out
    0.72      0.82

********************************************************************************* Usage Information *********************************************************************************
CPU Usage: 6.1%

Disk Usage:
Linux 5.4.0-182-generic (ysbeam) 	05/21/2024 	_aarch64_	(2 CPU)

Device            r/s     rkB/s   rrqm/s  %rrqm r_await rareq-sz     w/s     wkB/s   wrqm/s  %wrqm w_await wareq-sz     d/s     dkB/s   drqm/s  %drqm d_await dareq-sz  aqu-sz  %util
loop0            0.00      0.01     0.00   0.00    0.25    14.17    0.00      0.00     0.00   0.00    0.00     0.00    0.00      0.00     0.00   0.00    0.00     0.00    0.00   0.00
loop1            0.01      0.02     0.00   0.00    0.31     1.81    0.00      0.00     0.00   0.00    0.00     0.00    0.00      0.00     0.00   0.00    0.00     0.00    0.00   0.00
loop2            0.00      0.00     0.00   0.00    0.13     6.38    0.00      0.00     0.00   0.00    0.00     0.00    0.00      0.00     0.00   0.00    0.00     0.00    0.00   0.00
loop3            0.00      0.00     0.00   0.00    0.15     7.43    0.00      0.00     0.00   0.00    0.00     0.00    0.00      0.00     0.00   0.00    0.00     0.00    0.00   0.00
loop4            0.11      0.11     0.00   0.00    0.42     1.02    0.00      0.00     0.00   0.00    0.00     0.00    0.00      0.00     0.00   0.00    0.00     0.00    0.00   0.00
loop5            0.00      0.00     0.00   0.00    0.17     8.05    0.00      0.00     0.00   0.00    0.00     0.00    0.00      0.00     0.00   0.00    0.00     0.00    0.00   0.00
loop6            0.00      0.00     0.00   0.00    0.00     1.00    0.00      0.00     0.00   0.00    0.00     0.00    0.00      0.00     0.00   0.00    0.00     0.00    0.00   0.00
vda              0.30      8.37     0.01   3.74    0.21    27.88    0.77     96.63     0.51  39.93    1.43   125.76    0.09    328.67     0.00   0.00    0.07  3722.58    0.00   0.15



Network Usage:
      enp0s1      
 KB/s in  KB/s out
    1.07      1.13

********************************************************************************* Usage Information *********************************************************************************
CPU Usage: 6.4%

Disk Usage:
Linux 5.4.0-182-generic (ysbeam) 	05/21/2024 	_aarch64_	(2 CPU)

Device            r/s     rkB/s   rrqm/s  %rrqm r_await rareq-sz     w/s     wkB/s   wrqm/s  %wrqm w_await wareq-sz     d/s     dkB/s   drqm/s  %drqm d_await dareq-sz  aqu-sz  %util
loop0            0.00      0.01     0.00   0.00    0.25    14.17    0.00      0.00     0.00   0.00    0.00     0.00    0.00      0.00     0.00   0.00    0.00     0.00    0.00   0.00
loop1            0.01      0.02     0.00   0.00    0.31     1.81    0.00      0.00     0.00   0.00    0.00     0.00    0.00      0.00     0.00   0.00    0.00     0.00    0.00   0.00
loop2            0.00      0.00     0.00   0.00    0.13     6.38    0.00      0.00     0.00   0.00    0.00     0.00    0.00      0.00     0.00   0.00    0.00     0.00    0.00   0.00
loop3            0.00      0.00     0.00   0.00    0.15     7.43    0.00      0.00     0.00   0.00    0.00     0.00    0.00      0.00     0.00   0.00    0.00     0.00    0.00   0.00
loop4            0.11      0.11     0.00   0.00    0.42     1.02    0.00      0.00     0.00   0.00    0.00     0.00    0.00      0.00     0.00   0.00    0.00     0.00    0.00   0.00
loop5            0.00      0.00     0.00   0.00    0.17     8.05    0.00      0.00     0.00   0.00    0.00     0.00    0.00      0.00     0.00   0.00    0.00     0.00    0.00   0.00
loop6            0.00      0.00     0.00   0.00    0.00     1.00    0.00      0.00     0.00   0.00    0.00     0.00    0.00      0.00     0.00   0.00    0.00     0.00    0.00   0.00
vda              0.30      8.29     0.01   3.74    0.21    27.88    0.77     96.40     0.51  39.84    1.43   125.49    0.09    325.29     0.00   0.00    0.07  3722.58    0.00   0.15



Network Usage:
      enp0s1      
 KB/s in  KB/s out
    7.72     11.21

********************************************************************************* Usage Information *********************************************************************************
CPU Usage: 11.8%

Disk Usage:
Linux 5.4.0-182-generic (ysbeam) 	05/21/2024 	_aarch64_	(2 CPU)

Device            r/s     rkB/s   rrqm/s  %rrqm r_await rareq-sz     w/s     wkB/s   wrqm/s  %wrqm w_await wareq-sz     d/s     dkB/s   drqm/s  %drqm d_await dareq-sz  aqu-sz  %util
loop0            0.00      0.01     0.00   0.00    0.25    14.17    0.00      0.00     0.00   0.00    0.00     0.00    0.00      0.00     0.00   0.00    0.00     0.00    0.00   0.00
loop1            0.01      0.02     0.00   0.00    0.31     1.81    0.00      0.00     0.00   0.00    0.00     0.00    0.00      0.00     0.00   0.00    0.00     0.00    0.00   0.00
loop2            0.00      0.00     0.00   0.00    0.13     6.38    0.00      0.00     0.00   0.00    0.00     0.00    0.00      0.00     0.00   0.00    0.00     0.00    0.00   0.00
loop3            0.00      0.00     0.00   0.00    0.15     7.43    0.00      0.00     0.00   0.00    0.00     0.00    0.00      0.00     0.00   0.00    0.00     0.00    0.00   0.00
loop4            0.11      0.11     0.00   0.00    0.42     1.02    0.00      0.00     0.00   0.00    0.00     0.00    0.00      0.00     0.00   0.00    0.00     0.00    0.00   0.00
loop5            0.00      0.00     0.00   0.00    0.17     8.05    0.00      0.00     0.00   0.00    0.00     0.00    0.00      0.00     0.00   0.00    0.00     0.00    0.00   0.00
loop6            0.00      0.00     0.00   0.00    0.00     1.00    0.00      0.00     0.00   0.00    0.00     0.00    0.00      0.00     0.00   0.00    0.00     0.00    0.00   0.00
vda              0.29      8.22     0.01   3.73    0.21    27.87    0.79    105.78     0.52  39.52    1.47   133.57    0.09    321.43     0.00   0.00    0.07  3722.58    0.00   0.15



Network Usage:
      enp0s1      
 KB/s in  KB/s out
    7.93     11.27

********************************************************************************* Usage Information *********************************************************************************
CPU Usage: 6.2%

Disk Usage:
Linux 5.4.0-182-generic (ysbeam) 	05/21/2024 	_aarch64_	(2 CPU)

Device            r/s     rkB/s   rrqm/s  %rrqm r_await rareq-sz     w/s     wkB/s   wrqm/s  %wrqm w_await wareq-sz     d/s     dkB/s   drqm/s  %drqm d_await dareq-sz  aqu-sz  %util
loop0            0.00      0.01     0.00   0.00    0.25    14.17    0.00      0.00     0.00   0.00    0.00     0.00    0.00      0.00     0.00   0.00    0.00     0.00    0.00   0.00
loop1            0.03      0.03     0.00   0.00    0.12     1.25    0.00      0.00     0.00   0.00    0.00     0.00    0.00      0.00     0.00   0.00    0.00     0.00    0.00   0.00
loop2            0.00      0.00     0.00   0.00    0.13     6.38    0.00      0.00     0.00   0.00    0.00     0.00    0.00      0.00     0.00   0.00    0.00     0.00    0.00   0.00
loop3            0.00      0.00     0.00   0.00    0.15     7.43    0.00      0.00     0.00   0.00    0.00     0.00    0.00      0.00     0.00   0.00    0.00     0.00    0.00   0.00
loop4            0.26      0.26     0.00   0.00    0.19     1.01    0.00      0.00     0.00   0.00    0.00     0.00    0.00      0.00     0.00   0.00    0.00     0.00    0.00   0.00
loop5            0.00      0.00     0.00   0.00    0.17     8.05    0.00      0.00     0.00   0.00    0.00     0.00    0.00      0.00     0.00   0.00    0.00     0.00    0.00   0.00
loop6            0.00      0.00     0.00   0.00    0.00     1.00    0.00      0.00     0.00   0.00    0.00     0.00    0.00      0.00     0.00   0.00    0.00     0.00    0.00   0.00
vda              0.55     24.36     0.01   2.27    0.19    44.04    0.79    105.07     0.53  40.20    1.47   132.51    0.09    317.74     0.00   0.00    0.07  3722.58    0.00   0.15



Network Usage:
      enp0s1      
 KB/s in  KB/s out
    1.23      0.88

********************************************************************************* Usage Information *********************************************************************************
CPU Usage: 8.8%

Disk Usage:
Linux 5.4.0-182-generic (ysbeam) 	05/23/2024 	_aarch64_	(2 CPU)

Device            r/s     rkB/s   rrqm/s  %rrqm r_await rareq-sz     w/s     wkB/s   wrqm/s  %wrqm w_await wareq-sz     d/s     dkB/s   drqm/s  %drqm d_await dareq-sz  aqu-sz  %util
loop0            0.00      0.01     0.00   0.00    0.11     7.43    0.00      0.00     0.00   0.00    0.00     0.00    0.00      0.00     0.00   0.00    0.00     0.00    0.00   0.00
loop1            0.00      0.03     0.00   0.00    0.22    14.17    0.00      0.00     0.00   0.00    0.00     0.00    0.00      0.00     0.00   0.00    0.00     0.00    0.00   0.00
loop2            0.45      0.46     0.00   0.00    0.28     1.02    0.00      0.00     0.00   0.00    0.00     0.00    0.00      0.00     0.00   0.00    0.00     0.00    0.00   0.00
loop3            0.00      0.01     0.00   0.00    0.12     8.05    0.00      0.00     0.00   0.00    0.00     0.00    0.00      0.00     0.00   0.00    0.00     0.00    0.00   0.00
loop4            0.04      0.07     0.00   0.00    0.35     1.81    0.00      0.00     0.00   0.00    0.00     0.00    0.00      0.00     0.00   0.00    0.00     0.00    0.00   0.00
loop5            0.00      0.01     0.00   0.00    0.18     6.38    0.00      0.00     0.00   0.00    0.00     0.00    0.00      0.00     0.00   0.00    0.00     0.00    0.00   0.00
loop6            0.00      0.00     0.00   0.00    0.00     1.00    0.00      0.00     0.00   0.00    0.00     0.00    0.00      0.00     0.00   0.00    0.00     0.00    0.00   0.00
vda              0.79     29.89     0.22  21.56    0.19    37.96    1.81    196.22     0.75  29.27    1.11   108.43    0.00      0.00     0.00   0.00    0.00     0.00    0.00   0.23


Network Usage:
Linux 5.4.0-182-generic (ysbeam) 	05/23/2024 	_aarch64_	(2 CPU)

Device            r/s     rkB/s   rrqm/s  %rrqm r_await rareq-sz     w/s     wkB/s   wrqm/s  %wrqm w_await wareq-sz     d/s     dkB/s   drqm/s  %drqm d_await dareq-sz  aqu-sz  %util
loop0            0.00      0.01     0.00   0.00    0.11     7.43    0.00      0.00     0.00   0.00    0.00     0.00    0.00      0.00     0.00   0.00    0.00     0.00    0.00   0.00
loop1            0.00      0.03     0.00   0.00    0.22    14.17    0.00      0.00     0.00   0.00    0.00     0.00    0.00      0.00     0.00   0.00    0.00     0.00    0.00   0.00
loop2            0.45      0.46     0.00   0.00    0.28     1.02    0.00      0.00     0.00   0.00    0.00     0.00    0.00      0.00     0.00   0.00    0.00     0.00    0.00   0.00
loop3            0.00      0.01     0.00   0.00    0.12     8.05    0.00      0.00     0.00   0.00    0.00     0.00    0.00      0.00     0.00   0.00    0.00     0.00    0.00   0.00
loop4            0.04      0.07     0.00   0.00    0.35     1.81    0.00      0.00     0.00   0.00    0.00     0.00    0.00      0.00     0.00   0.00    0.00     0.00    0.00   0.00
loop5            0.00      0.01     0.00   0.00    0.18     6.38    0.00      0.00     0.00   0.00    0.00     0.00    0.00      0.00     0.00   0.00    0.00     0.00    0.00   0.00
loop6            0.00      0.00     0.00   0.00    0.00     1.00    0.00      0.00     0.00   0.00    0.00     0.00    0.00      0.00     0.00   0.00    0.00     0.00    0.00   0.00
vda              0.79     29.89     0.22  21.56    0.19    37.96    1.81    196.22     0.75  29.27    1.11   108.43    0.00      0.00     0.00   0.00    0.00     0.00    0.00   0.23


********************************************************************************* Usage Information *********************************************************************************
CPU Usage: 3%

Disk Usage:
Linux 5.4.0-182-generic (ysbeam) 	05/23/2024 	_aarch64_	(2 CPU)

Device            r/s     rkB/s   rrqm/s  %rrqm r_await rareq-sz     w/s     wkB/s   wrqm/s  %wrqm w_await wareq-sz     d/s     dkB/s   drqm/s  %drqm d_await dareq-sz  aqu-sz  %util
loop0            0.00      0.01     0.00   0.00    0.11     7.43    0.00      0.00     0.00   0.00    0.00     0.00    0.00      0.00     0.00   0.00    0.00     0.00    0.00   0.00
loop1            0.00      0.03     0.00   0.00    0.22    14.17    0.00      0.00     0.00   0.00    0.00     0.00    0.00      0.00     0.00   0.00    0.00     0.00    0.00   0.00
loop2            0.45      0.46     0.00   0.00    0.28     1.02    0.00      0.00     0.00   0.00    0.00     0.00    0.00      0.00     0.00   0.00    0.00     0.00    0.00   0.00
loop3            0.00      0.01     0.00   0.00    0.12     8.05    0.00      0.00     0.00   0.00    0.00     0.00    0.00      0.00     0.00   0.00    0.00     0.00    0.00   0.00
loop4            0.04      0.07     0.00   0.00    0.35     1.81    0.00      0.00     0.00   0.00    0.00     0.00    0.00      0.00     0.00   0.00    0.00     0.00    0.00   0.00
loop5            0.00      0.01     0.00   0.00    0.18     6.38    0.00      0.00     0.00   0.00    0.00     0.00    0.00      0.00     0.00   0.00    0.00     0.00    0.00   0.00
loop6            0.00      0.00     0.00   0.00    0.00     1.00    0.00      0.00     0.00   0.00    0.00     0.00    0.00      0.00     0.00   0.00    0.00     0.00    0.00   0.00
vda              0.79     29.81     0.22  21.56    0.19    37.96    1.81    196.70     0.75  29.30    1.11   108.55    0.00      0.00     0.00   0.00    0.00     0.00    0.00   0.23


Network Usage:
      enp0s1      
 KB/s in  KB/s out
   12.65     15.04
********************************************************************************* Usage Information *********************************************************************************
CPU Usage: 3.1%

Disk Usage:
Linux 5.4.0-182-generic (ysbeam) 	05/23/2024 	_aarch64_	(2 CPU)

Device            r/s     rkB/s   rrqm/s  %rrqm r_await rareq-sz     w/s     wkB/s   wrqm/s  %wrqm w_await wareq-sz     d/s     dkB/s   drqm/s  %drqm d_await dareq-sz  aqu-sz  %util
loop0            0.00      0.01     0.00   0.00    0.11     7.43    0.00      0.00     0.00   0.00    0.00     0.00    0.00      0.00     0.00   0.00    0.00     0.00    0.00   0.00
loop1            0.00      0.03     0.00   0.00    0.22    14.17    0.00      0.00     0.00   0.00    0.00     0.00    0.00      0.00     0.00   0.00    0.00     0.00    0.00   0.00
loop2            0.44      0.45     0.00   0.00    0.28     1.02    0.00      0.00     0.00   0.00    0.00     0.00    0.00      0.00     0.00   0.00    0.00     0.00    0.00   0.00
loop3            0.00      0.01     0.00   0.00    0.12     8.05    0.00      0.00     0.00   0.00    0.00     0.00    0.00      0.00     0.00   0.00    0.00     0.00    0.00   0.00
loop4            0.04      0.06     0.00   0.00    0.35     1.81    0.00      0.00     0.00   0.00    0.00     0.00    0.00      0.00     0.00   0.00    0.00     0.00    0.00   0.00
loop5            0.00      0.01     0.00   0.00    0.18     6.38    0.00      0.00     0.00   0.00    0.00     0.00    0.00      0.00     0.00   0.00    0.00     0.00    0.00   0.00
loop6            0.00      0.00     0.00   0.00    0.00     1.00    0.00      0.00     0.00   0.00    0.00     0.00    0.00      0.00     0.00   0.00    0.00     0.00    0.00   0.00
vda              0.76     29.04     0.21  21.55    0.19    37.96    1.81    192.99     0.75  29.31    1.11   106.72    0.00      0.00     0.00   0.00    0.00     0.00    0.00   0.23


Network Usage:
      enp0s1      
 KB/s in  KB/s out
    0.79      0.86
