
********************************************************************************* Usage Information *********************************************************************************

## CPU Usage:
Linux 5.4.0-186-generic (ysbeam) 	06/16/2024 	_aarch64_	(2 CPU)

03:18:23 PM  CPU    %usr   %nice    %sys %iowait    %irq   %soft  %steal  %guest  %gnice   %idle
03:18:24 PM  all    2.97    0.00    2.48    0.00    0.00    0.50    0.00    0.00    0.00   94.06
03:18:24 PM    0    3.88    0.00    1.94    0.00    0.00    0.97    0.00    0.00    0.00   93.20
03:18:24 PM    1    2.02    0.00    3.03    0.00    0.00    0.00    0.00    0.00    0.00   94.95

Average:     CPU    %usr   %nice    %sys %iowait    %irq   %soft  %steal  %guest  %gnice   %idle
Average:     all    2.97    0.00    2.48    0.00    0.00    0.50    0.00    0.00    0.00   94.06
Average:       0    3.88    0.00    1.94    0.00    0.00    0.97    0.00    0.00    0.00   93.20
Average:       1    2.02    0.00    3.03    0.00    0.00    0.00    0.00    0.00    0.00   94.95

## Disk Usage:
Linux 5.4.0-186-generic (ysbeam) 	06/16/2024 	_aarch64_	(2 CPU)

Device            r/s     rkB/s   rrqm/s  %rrqm r_await rareq-sz     w/s     wkB/s   wrqm/s  %wrqm w_await wareq-sz     d/s     dkB/s   drqm/s  %drqm d_await dareq-sz  aqu-sz  %util
loop0            0.02      0.04     0.00   0.00    0.43     1.74    0.00      0.00     0.00   0.00    0.00     0.00    0.00      0.00     0.00   0.00    0.00     0.00    0.00   0.00
loop1            0.00      0.01     0.00   0.00    0.16     6.80    0.00      0.00     0.00   0.00    0.00     0.00    0.00      0.00     0.00   0.00    0.00     0.00    0.00   0.00
loop2            0.00      0.02     0.00   0.00    0.27    10.02    0.00      0.00     0.00   0.00    0.00     0.00    0.00      0.00     0.00   0.00    0.00     0.00    0.00   0.00
loop3            0.00      0.01     0.00   0.00    0.06     2.35    0.00      0.00     0.00   0.00    0.00     0.00    0.00      0.00     0.00   0.00    0.00     0.00    0.00   0.00
loop4            0.00      0.01     0.00   0.00    0.18     6.25    0.00      0.00     0.00   0.00    0.00     0.00    0.00      0.00     0.00   0.00    0.00     0.00    0.00   0.00
loop5            0.00      0.01     0.00   0.00    0.07     2.25    0.00      0.00     0.00   0.00    0.00     0.00    0.00      0.00     0.00   0.00    0.00     0.00    0.00   0.00
loop6            0.25      0.25     0.00   0.00    0.54     1.02    0.00      0.00     0.00   0.00    0.00     0.00    0.00      0.00     0.00   0.00    0.00     0.00    0.00   0.00
loop7            0.00      0.00     0.00   0.00    0.75     1.00    0.00      0.00     0.00   0.00    0.00     0.00    0.00      0.00     0.00   0.00    0.00     0.00    0.00   0.00
vda              0.84     27.35     0.27  24.27    0.25    32.69    7.99    144.87     3.03  27.49    0.72    18.12    0.00      0.00     0.00   0.00    0.00     0.00    0.00   0.32


## Network Usage:
enp0s1:
03:18:25 PM    enp0s1     84.00     57.00     13.16     12.99      0.00      0.00      0.00      0.00
Average:       enp0s1     84.00     57.00     13.16     12.99      0.00      0.00      0.00      0.00

lo:
03:18:26 PM        lo     63.00     63.00      5.35      5.35      0.00      0.00      0.00      0.00
Average:           lo     63.00     63.00      5.35      5.35      0.00      0.00      0.00      0.00


********************************************************************************* Usage Information *********************************************************************************

## CPU Usage:
Linux 5.4.0-186-generic (ysbeam) 	06/16/2024 	_aarch64_	(2 CPU)

03:19:16 PM  CPU    %usr   %nice    %sys %iowait    %irq   %soft  %steal  %guest  %gnice   %idle
03:19:17 PM  all    2.96    0.00    2.96    0.00    0.00    0.99    0.00    0.00    0.00   93.10
03:19:17 PM    0    2.97    0.00    2.97    0.00    0.00    0.99    0.00    0.00    0.00   93.07
03:19:17 PM    1    2.94    0.00    2.94    0.00    0.00    0.98    0.00    0.00    0.00   93.14

Average:     CPU    %usr   %nice    %sys %iowait    %irq   %soft  %steal  %guest  %gnice   %idle
Average:     all    2.96    0.00    2.96    0.00    0.00    0.99    0.00    0.00    0.00   93.10
Average:       0    2.97    0.00    2.97    0.00    0.00    0.99    0.00    0.00    0.00   93.07
Average:       1    2.94    0.00    2.94    0.00    0.00    0.98    0.00    0.00    0.00   93.14

## Disk Usage:
Linux 5.4.0-186-generic (ysbeam) 	06/16/2024 	_aarch64_	(2 CPU)

Device            r/s     rkB/s   rrqm/s  %rrqm r_await rareq-sz     w/s     wkB/s   wrqm/s  %wrqm w_await wareq-sz     d/s     dkB/s   drqm/s  %drqm d_await dareq-sz  aqu-sz  %util
loop0            0.02      0.04     0.00   0.00    0.43     1.74    0.00      0.00     0.00   0.00    0.00     0.00    0.00      0.00     0.00   0.00    0.00     0.00    0.00   0.00
loop1            0.00      0.01     0.00   0.00    0.16     6.80    0.00      0.00     0.00   0.00    0.00     0.00    0.00      0.00     0.00   0.00    0.00     0.00    0.00   0.00
loop2            0.00      0.02     0.00   0.00    0.27    10.02    0.00      0.00     0.00   0.00    0.00     0.00    0.00      0.00     0.00   0.00    0.00     0.00    0.00   0.00
loop3            0.00      0.01     0.00   0.00    0.06     2.35    0.00      0.00     0.00   0.00    0.00     0.00    0.00      0.00     0.00   0.00    0.00     0.00    0.00   0.00
loop4            0.00      0.01     0.00   0.00    0.18     6.25    0.00      0.00     0.00   0.00    0.00     0.00    0.00      0.00     0.00   0.00    0.00     0.00    0.00   0.00
loop5            0.00      0.01     0.00   0.00    0.07     2.25    0.00      0.00     0.00   0.00    0.00     0.00    0.00      0.00     0.00   0.00    0.00     0.00    0.00   0.00
loop6            0.25      0.25     0.00   0.00    0.54     1.02    0.00      0.00     0.00   0.00    0.00     0.00    0.00      0.00     0.00   0.00    0.00     0.00    0.00   0.00
loop7            0.00      0.00     0.00   0.00    0.75     1.00    0.00      0.00     0.00   0.00    0.00     0.00    0.00      0.00     0.00   0.00    0.00     0.00    0.00   0.00
vda              0.84     27.32     0.27  24.27    0.25    32.69    8.01    144.89     3.03  27.45    0.72    18.09    0.00      0.00     0.00   0.00    0.00     0.00    0.00   0.32


## Network Usage:
enp0s1:
03:19:18 PM    enp0s1      4.00      4.00      0.48      0.45      0.00      0.00      0.00      0.00
Average:       enp0s1      4.00      4.00      0.48      0.45      0.00      0.00      0.00      0.00

lo:
03:19:19 PM        lo     12.00     12.00      0.83      0.83      0.00      0.00      0.00      0.00
Average:           lo     12.00     12.00      0.83      0.83      0.00      0.00      0.00      0.00


********************************************************************************* Usage Information *********************************************************************************

## Network Usage:
enp0s1:
03:19:25 PM    enp0s1     17.00     16.00      2.77      2.84      0.00      0.00      0.00      0.00
Average:       enp0s1     17.00     16.00      2.77      2.84      0.00      0.00      0.00      0.00

lo:
03:19:26 PM        lo      9.00      9.00      1.16      1.16      0.00      0.00      0.00      0.00
Average:           lo      9.00      9.00      1.16      1.16      0.00      0.00      0.00      0.00


********************************************************************************* Usage Information *********************************************************************************

## CPU Usage:
Linux 5.4.0-186-generic (ysbeam) 	06/16/2024 	_aarch64_	(2 CPU)

03:20:32 PM  CPU    %usr   %nice    %sys %iowait    %irq   %soft  %steal  %guest  %gnice   %idle
03:20:33 PM  all    1.01    0.00    0.00    0.00    0.00    0.00    0.00    0.00    0.00   98.99
03:20:33 PM    0    1.01    0.00    0.00    0.00    0.00    0.00    0.00    0.00    0.00   98.99
03:20:33 PM    1    1.01    0.00    0.00    0.00    0.00    0.00    0.00    0.00    0.00   98.99

Average:     CPU    %usr   %nice    %sys %iowait    %irq   %soft  %steal  %guest  %gnice   %idle
Average:     all    1.01    0.00    0.00    0.00    0.00    0.00    0.00    0.00    0.00   98.99
Average:       0    1.01    0.00    0.00    0.00    0.00    0.00    0.00    0.00    0.00   98.99
Average:       1    1.01    0.00    0.00    0.00    0.00    0.00    0.00    0.00    0.00   98.99

## Disk Usage:
Linux 5.4.0-186-generic (ysbeam) 	06/16/2024 	_aarch64_	(2 CPU)

Device            r/s     rkB/s   rrqm/s  %rrqm r_await rareq-sz     w/s     wkB/s   wrqm/s  %wrqm w_await wareq-sz     d/s     dkB/s   drqm/s  %drqm d_await dareq-sz  aqu-sz  %util
loop0            0.02      0.04     0.00   0.00    0.43     1.74    0.00      0.00     0.00   0.00    0.00     0.00    0.00      0.00     0.00   0.00    0.00     0.00    0.00   0.00
loop1            0.00      0.01     0.00   0.00    0.16     6.80    0.00      0.00     0.00   0.00    0.00     0.00    0.00      0.00     0.00   0.00    0.00     0.00    0.00   0.00
loop2            0.00      0.02     0.00   0.00    0.27    10.02    0.00      0.00     0.00   0.00    0.00     0.00    0.00      0.00     0.00   0.00    0.00     0.00    0.00   0.00
loop3            0.00      0.01     0.00   0.00    0.06     2.35    0.00      0.00     0.00   0.00    0.00     0.00    0.00      0.00     0.00   0.00    0.00     0.00    0.00   0.00
loop4            0.00      0.01     0.00   0.00    0.18     6.25    0.00      0.00     0.00   0.00    0.00     0.00    0.00      0.00     0.00   0.00    0.00     0.00    0.00   0.00
loop5            0.00      0.01     0.00   0.00    0.07     2.25    0.00      0.00     0.00   0.00    0.00     0.00    0.00      0.00     0.00   0.00    0.00     0.00    0.00   0.00
loop6            0.25      0.25     0.00   0.00    0.54     1.02    0.00      0.00     0.00   0.00    0.00     0.00    0.00      0.00     0.00   0.00    0.00     0.00    0.00   0.00
loop7            0.00      0.00     0.00   0.00    0.75     1.00    0.00      0.00     0.00   0.00    0.00     0.00    0.00      0.00     0.00   0.00    0.00     0.00    0.00   0.00
vda              0.84     27.29     0.27  24.27    0.25    32.68    8.02    144.82     3.03  27.42    0.72    18.07    0.00      0.00     0.00   0.00    0.00     0.00    0.00   0.32


## Network Usage:
enp0s1:
03:20:34 PM    enp0s1      5.00      5.00      0.41      0.67      0.00      0.00      0.00      0.00
Average:       enp0s1      5.00      5.00      0.41      0.67      0.00      0.00      0.00      0.00

lo:
03:20:35 PM        lo     14.00     14.00      1.08      1.08      0.00      0.00      0.00      0.00
Average:           lo     14.00     14.00      1.08      1.08      0.00      0.00      0.00      0.00

